16
0 ³Jª£¶º
2 0 9
4
0 1
1 2
2 3
7 4
10
³Jª£¶º.png
1 «C´Ôª£¦×µ·
6 1 11 3 4 7 32
4
6 2
1 1
5 1
12 1
5
«C´Ôª£¦×µ·.png
2 ³Â±C¨§»G
6 5 2 31 3 4 7
6
4 2
12 1
10 1
2 2
13 1
1 1
5
³Â±C¨§»G.png
3 Áç¶K
4 2 6 7 8
4
1 1
2 3
12 1
13 1
10
Áç¶K.png
4 ½Þ±Æ»\¶º
5 11 9 0 3 10
6 
0 10
1 2
2 3
6 2
7 1
14 3
15
¬µ½Þ±Æ»\¶º.png
5 óÎ³½ÄÑ
5 3 7 12 13 9
6 
14 2
8 2
3 2
9 2
10 1
1 3
20
óÎ³½ÄÑ.png
6 ¥]¤l
4 2 3 6 14
5
0 1
1 1
2 2
13 2
5 1
20
¥]¤l.png
7 ¥Í³½¤ù
3 12 3 7
2 
1 1
2 1
5
ÄK³½¥Í³½¤ù.png
8 ÄK³½¬K±²
6 15 16 12 9 3 7
6
0 2
1 1
5 1
6 2
8 1
14 1
15
¬K±².png
9 ºµ¿ß³Â±C¨§»G
6 5 17 3 4 18 31
7
4 3
15 2
5 2
1 2
6 2
10 1
13 1
10
ºµ¿ß³Â±C¨§»G.png
10 ¥Ö³J½G¦×µ°
6 0 11 3 19 20 9
4 
13 1
14 1
8 1
1 1
20
¥Ö³J½G¦×µ°.png
11 ³ÍÂÄ¨F©Ô
5 21 22 23 24 25
3
11 3
1 1
7 2
10
³ÍÂÄ¨F©Ô.png
12 ­W¥Ê±Æ°©´ö
4 7 26 27 28
3
2 1
1 1
6 3
15
­W¥Ê±Æ°©´ö.png
13 »ñ°Ä¤ô´¹
1 29
1
1 1
30
»ñ°Ä¤ô´¹.png
14 ªF©Y¦×
4 2 3 7 32
3 
2 10
5 5
14 10
90
ªF©Y¦×.png
15 ¶³Às¬µ½¼
4 30 34 35 9
5
0 10
1 1
5 1
16 2
17 1
25
¶³Às¬µ½¼.png